up
[[    1.000,    0.000,    0.000,    0.000]
 [    0.000,    0.985,   -0.174,    0.000]
 [    0.000,    0.174,    0.985,    0.000]
 [    0.000,    0.000,    0.000,    1.000]]
down
[[    1.000,    0.000,    0.000,    0.000]
 [    0.000,    0.985,    0.174,    0.000]
 [    0.000,   -0.174,    0.985,    0.000]
 [    0.000,    0.000,    0.000,    1.000]]
 right
 [[    0.985,    0.000,    0.174,    0.000]
 [    0.000,    1.000,    0.000,    0.000]
 [   -0.174,    0.000,    0.985,    0.000]
 [    0.000,    0.000,    0.000,    1.000]]
left
[[    0.985,    0.000,   -0.174,    0.000]
 [    0.000,    1.000,    0.000,    0.000]
 [    0.174,    0.000,    0.985,    0.000]
 [    0.000,    0.000,    0.000,    1.000]]
